pos_name: layer/cap
num_cells_x: 9
num_cells_y: 31
width: 2000
height: 1500
pos_receivers_x: [1888.888889 1888.888889 1000.        111.111111  111.111111  111.111111 1888.888889 1888.888889  111.111111 1888.888889  333.333333 1444.444444  111.111111  111.111111 1888.888889  555.555556  111.111111 1666.666667 1888.888889 1888.888889 1888.888889 1222.222222  777.777778  111.111111 1888.888889  111.111111
  111.111111]
pos_receivers_y: [ 314.516129   24.193548   24.193548 1330.645161  169.354839  459.677419 1040.322581  895.16129  1185.483871  750.         24.193548   24.193548  314.516129  604.83871  1330.645161   24.193548   24.193548   24.193548  169.354839  459.677419 1185.483871   24.193548   24.193548 1040.322581  604.83871   895.16129
  750.      ]
pos_sources_x: [1000.        555.555556 1222.222222  777.777778 1888.888889  333.333333 1444.444444  111.111111 1666.666667]
pos_sources_y: [1475.806452 1475.806452 1475.806452 1475.806452 1475.806452 1475.806452 1475.806452 1475.806452 1475.806452]
method_params: {'classic': [MethodParameters(alpha=0.9619, beta=None, masking_depth=None)], 'svd': [MethodParameters(alpha=0.3338, beta=None, masking_depth=None)]}
code: hde07
n_rays: 243