pos_name: layer/layer+column
num_cells_x: 9
num_cells_y: 29
width: 2000
height: 1500
pos_receivers_x: [ 111.111111 1666.666667 1000.        555.555556  111.111111 1222.222222  111.111111  777.777778  111.111111  111.111111  111.111111 1888.888889  333.333333  111.111111 1444.444444  111.111111  111.111111]
pos_receivers_y: [ 25.862069  25.862069  25.862069  25.862069  77.586207  25.862069 336.206897  25.862069 439.655172 232.758621 129.310345  25.862069  25.862069 387.931034  25.862069 284.482759 181.034483]
pos_sources_x: [ 777.777778 1888.888889 1444.444444  333.333333  111.111111 1666.666667  555.555556 1222.222222 1000.      ]
pos_sources_y: [1474.137931 1474.137931 1474.137931 1474.137931 1474.137931 1474.137931 1474.137931 1474.137931 1474.137931]
method_params: {'classic': [MethodParameters(alpha=0.4127, beta=None, masking_depth=None)], 'svd': [MethodParameters(alpha=0.448, beta=None, masking_depth=None)]}
code: hb114
n_rays: 153