pos_name: layer/cap
num_cells_x: 9
num_cells_y: 50
width: 2000
height: 5000
pos_receivers_x: [ 333.333333 1444.444444 1888.888889  111.111111 1888.888889 1888.888889  111.111111 1888.888889 1888.888889  111.111111 1666.666667  555.555556 1888.888889 1222.222222  777.777778  111.111111 1888.888889  111.111111  111.111111  111.111111 1888.888889 1888.888889  111.111111  111.111111 1000.       1888.888889
  111.111111]
pos_receivers_y: [  50.   50. 1550. 3950. 2450. 2050. 4450. 2950. 3450.   50.   50.   50. 3950.   50.   50.  550. 4450. 1050. 1550. 2450.   50.  550. 2050. 2950.   50. 1050. 3450.]
pos_sources_x: [ 333.333333  555.555556  111.111111 1222.222222 1666.666667  777.777778 1000.       1888.888889 1444.444444]
pos_sources_y: [4950. 4950. 4950. 4950. 4950. 4950. 4950. 4950. 4950.]
method_params: {'classic': [MethodParameters(alpha=0.7942, beta=None, masking_depth=None)], 'svd': [MethodParameters(alpha=0.1726, beta=None, masking_depth=None)]}
code: hb390
n_rays: 243