pos_name: layer/cap
num_cells_x: 9
num_cells_y: 29
width: 2000
height: 1500
pos_receivers_x: [1888.888889  111.111111 1888.888889  111.111111  111.111111 1666.666667  555.555556  111.111111 1222.222222 1888.888889  777.777778 1888.888889  111.111111 1888.888889 1888.888889 1888.888889  111.111111  111.111111 1888.888889 1888.888889  111.111111 1888.888889 1000.        333.333333 1444.444444  111.111111
  111.111111]
pos_receivers_y: [ 905.172414  336.206897  594.827586  439.655172   25.862069   25.862069   25.862069 1318.965517   25.862069  750.         25.862069  181.034483 1060.344828  336.206897 1163.793103  439.655172 1163.793103  594.827586   25.862069 1318.965517  905.172414 1060.344828   25.862069   25.862069   25.862069  181.034483
  750.      ]
pos_sources_x: [ 777.777778 1888.888889 1444.444444  333.333333  111.111111 1666.666667  555.555556 1222.222222 1000.      ]
pos_sources_y: [1474.137931 1474.137931 1474.137931 1474.137931 1474.137931 1474.137931 1474.137931 1474.137931 1474.137931]
method_params: {'classic': [MethodParameters(alpha=0.99, beta=None, masking_depth=None)], 'svd': [MethodParameters(alpha=0.3551, beta=None, masking_depth=None)]}
code: hde16
n_rays: 243