pos_name: layer/blob
num_cells_x: 9
num_cells_y: 50
width: 2000
height: 5000
pos_receivers_x: [1000.        333.333333 1444.444444  333.333333 1444.444444 1888.888889  111.111111 1666.666667 1000.        555.555556 1222.222222  777.777778  111.111111 1666.666667  333.333333 1444.444444  555.555556 1222.222222  777.777778 1888.888889  555.555556  111.111111 1222.222222 1666.666667 1888.888889 1000.
  777.777778]
pos_receivers_y: [550.  50.  50. 550. 550. 250.  50.  50. 250.  50.  50.  50. 550. 550. 250. 250. 550. 550. 550.  50. 250. 250. 250. 250. 550.  50. 250.]
pos_sources_x: [ 333.333333  555.555556  111.111111 1222.222222 1666.666667  777.777778 1000.       1888.888889 1444.444444]
pos_sources_y: [4950. 4950. 4950. 4950. 4950. 4950. 4950. 4950. 4950.]
method_params: {'classic': [MethodParameters(alpha=0.7328, beta=None, masking_depth=None)], 'svd': [MethodParameters(alpha=0.2444, beta=None, masking_depth=None)]}
code: hada1
n_rays: 243