pos_name: layer+column/layer
num_cells_x: 9
num_cells_y: 50
width: 2000
height: 5000
pos_receivers_x: [1888.888889  333.333333 1444.444444  111.111111 1666.666667 1000.        555.555556 1222.222222  777.777778]
pos_receivers_y: [50. 50. 50. 50. 50. 50. 50. 50. 50.]
pos_sources_x: [ 333.333333 1000.       1000.       1000.       1000.       1000.        555.555556  111.111111 1222.222222 1666.666667  777.777778 1000.       1000.       1000.       1000.       1000.       1888.888889 1444.444444]
pos_sources_y: [4950. 4450. 3450. 1550. 2450.  550. 4950. 4950. 4950. 4950. 4950. 4950. 3950. 2050. 2950. 1050. 4950. 4950.]
method_params: {'classic': [MethodParameters(alpha=0.7353, beta=None, masking_depth=None)], 'svd': [MethodParameters(alpha=0.2025, beta=None, masking_depth=None)]}
code: h91b8
n_rays: 162