pos_name: layer/layer+column
num_cells_x: 9
num_cells_y: 31
width: 2000
height: 1500
pos_receivers_x: [1000.        777.777778 1888.888889 1000.       1000.       1000.       1000.        333.333333 1444.444444 1000.       1000.       1000.        555.555556  111.111111 1666.666667 1000.       1000.       1222.222222]
pos_receivers_y: [ 895.16129    24.193548   24.193548  750.       1330.645161  169.354839  459.677419   24.193548   24.193548 1185.483871  314.516129  604.83871    24.193548   24.193548   24.193548   24.193548 1040.322581   24.193548]
pos_sources_x: [1000.        555.555556 1222.222222  777.777778 1888.888889  333.333333 1444.444444  111.111111 1666.666667]
pos_sources_y: [1475.806452 1475.806452 1475.806452 1475.806452 1475.806452 1475.806452 1475.806452 1475.806452 1475.806452]
method_params: {'classic': [MethodParameters(alpha=0.9849, beta=None, masking_depth=None)], 'svd': [MethodParameters(alpha=0.2453, beta=None, masking_depth=None)]}
code: hb465
n_rays: 162