pos_name: layer/blob
num_cells_x: 9
num_cells_y: 29
width: 2000
height: 1500
pos_receivers_x: [1888.888889  333.333333 1444.444444  111.111111 1666.666667 1000.        555.555556 1222.222222  777.777778  333.333333 1444.444444  111.111111 1666.666667  555.555556 1222.222222  777.777778 1888.888889  555.555556  111.111111 1222.222222 1666.666667 1000.       1888.888889  777.777778  333.333333 1444.444444
 1000.      ]
pos_receivers_y: [491.37931  284.482759 284.482759  25.862069  25.862069 491.37931   25.862069  25.862069  25.862069 491.37931  491.37931  284.482759 284.482759 284.482759 284.482759 284.482759  25.862069 491.37931  491.37931  491.37931  491.37931   25.862069 284.482759 491.37931   25.862069  25.862069 284.482759]
pos_sources_x: [ 777.777778 1888.888889 1444.444444  333.333333  111.111111 1666.666667  555.555556 1222.222222 1000.      ]
pos_sources_y: [1474.137931 1474.137931 1474.137931 1474.137931 1474.137931 1474.137931 1474.137931 1474.137931 1474.137931]
method_params: {'classic': [MethodParameters(alpha=0.8393, beta=None, masking_depth=None)], 'svd': [MethodParameters(alpha=0.3671, beta=None, masking_depth=None)]}
code: hdaba
n_rays: 243