pos_name: surround
num_cells_x: 9
num_cells_y: 29
width: 2000
height: 1500
pos_receivers_x: [ 111.111111 1666.666667 1000.        555.555556  111.111111 1222.222222  111.111111  111.111111  111.111111  777.777778  111.111111 1888.888889  333.333333  111.111111 1444.444444  111.111111  111.111111  111.111111]
pos_receivers_y: [  25.862069   25.862069   25.862069   25.862069  336.206897   25.862069 1163.793103 1318.965517  594.827586   25.862069 1060.344828   25.862069   25.862069  905.172414   25.862069  439.655172  181.034483  750.      ]
pos_sources_x: [1888.888889 1888.888889 1888.888889  777.777778 1888.888889 1444.444444 1888.888889 1888.888889  333.333333  111.111111 1666.666667 1888.888889 1888.888889 1888.888889  555.555556 1222.222222 1888.888889 1000.      ]
pos_sources_y: [ 905.172414 1163.793103  439.655172 1474.137931 1474.137931 1474.137931  750.        181.034483 1474.137931 1474.137931 1474.137931  336.206897 1318.965517  594.827586 1474.137931 1474.137931 1060.344828 1474.137931]
method_params: {'classic': [MethodParameters(alpha=0.8393, beta=None, masking_depth=None)], 'svd': [MethodParameters(alpha=0.3671, beta=None, masking_depth=None)]}
code: hde6c
n_rays: 324