pos_name: layer/bracket
num_cells_x: 9
num_cells_y: 31
width: 2000
height: 1500
pos_receivers_x: [1888.888889 1888.888889 1888.888889  111.111111  111.111111 1000.        111.111111  111.111111 1888.888889 1888.888889 1888.888889  333.333333 1444.444444  111.111111 1888.888889  111.111111  111.111111  555.555556  111.111111 1666.666667 1888.888889 1888.888889 1222.222222  777.777778 1888.888889  111.111111
  111.111111]
pos_receivers_y: [217.741935 314.516129  24.193548 508.064516  72.580645  24.193548 169.354839 459.677419 411.290323 508.064516 362.903226  24.193548  24.193548 120.967742  72.580645 314.516129 217.741935  24.193548  24.193548  24.193548 169.354839 459.677419  24.193548  24.193548 120.967742 362.903226 411.290323]
pos_sources_x: [1000.        555.555556 1222.222222  777.777778 1888.888889  333.333333 1444.444444  111.111111 1666.666667]
pos_sources_y: [1475.806452 1475.806452 1475.806452 1475.806452 1475.806452 1475.806452 1475.806452 1475.806452 1475.806452]
method_params: {'classic': [MethodParameters(alpha=0.9055, beta=None, masking_depth=None)], 'svd': [MethodParameters(alpha=0.4479, beta=None, masking_depth=None)]}
code: hdd04
n_rays: 243