pos_name: layer/layer+column
num_cells_x: 9
num_cells_y: 50
width: 2000
height: 5000
pos_receivers_x: [1000.       1000.       1000.       1888.888889 1000.        333.333333 1000.       1444.444444 1000.        111.111111 1666.666667 1000.       1000.       1000.       1000.        555.555556 1222.222222  777.777778]
pos_receivers_y: [4450. 3450. 1550.   50.  550.   50. 2450.   50. 3950.   50.   50. 2050. 1050. 2950.   50.   50.   50.   50.]
pos_sources_x: [ 333.333333  555.555556  111.111111 1222.222222 1666.666667  777.777778 1000.       1888.888889 1444.444444]
pos_sources_y: [4950. 4950. 4950. 4950. 4950. 4950. 4950. 4950. 4950.]
method_params: {'classic': [MethodParameters(alpha=0.7353, beta=None, masking_depth=None)], 'svd': [MethodParameters(alpha=0.2025, beta=None, masking_depth=None)]}
code: h93f8
n_rays: 162