pos_name: layer+column/layer+column
num_cells_x: 9
num_cells_y: 31
width: 2000
height: 1500
pos_receivers_x: [ 777.777778 1888.888889  111.111111  111.111111  111.111111  111.111111  333.333333 1444.444444  111.111111  111.111111  111.111111  555.555556  111.111111 1666.666667  111.111111 1000.       1222.222222  111.111111]
pos_receivers_y: [  24.193548   24.193548  169.354839  459.677419  750.       1185.483871   24.193548   24.193548  314.516129  604.83871  1040.322581   24.193548   24.193548   24.193548 1330.645161   24.193548   24.193548  895.16129 ]
pos_sources_x: [1888.888889 1000.        555.555556 1222.222222 1888.888889 1888.888889  777.777778 1888.888889 1888.888889  333.333333 1888.888889 1444.444444 1888.888889 1888.888889 1888.888889 1888.888889  111.111111 1666.666667]
pos_sources_y: [ 314.516129 1475.806452 1475.806452 1475.806452 1040.322581  895.16129  1475.806452 1475.806452  750.       1475.806452 1330.645161 1475.806452 1185.483871  169.354839  459.677419  604.83871  1475.806452 1475.806452]
method_params: {'classic': [MethodParameters(alpha=0.9708, beta=None, masking_depth=None)], 'svd': [MethodParameters(alpha=0.5904, beta=None, masking_depth=None)]}
code: he46e
n_rays: 324