pos_name: layer/blob
num_cells_x: 9
num_cells_y: 31
width: 2000
height: 1500
pos_receivers_x: [1888.888889  777.777778 1000.       1000.        333.333333 1888.888889 1444.444444  333.333333 1444.444444 1000.       1666.666667  333.333333  111.111111 1666.666667 1444.444444  555.555556  111.111111 1666.666667 1222.222222  555.555556  777.777778 1222.222222  777.777778  555.555556  111.111111 1222.222222
 1888.888889]
pos_receivers_y: [ 24.193548 508.064516 266.129032  24.193548 266.129032 508.064516 266.129032  24.193548  24.193548 508.064516 508.064516 508.064516 266.129032 266.129032 508.064516  24.193548  24.193548  24.193548 266.129032 266.129032 266.129032  24.193548  24.193548 508.064516 508.064516 508.064516 266.129032]
pos_sources_x: [1000.        555.555556 1222.222222  777.777778 1888.888889  333.333333 1444.444444  111.111111 1666.666667]
pos_sources_y: [1475.806452 1475.806452 1475.806452 1475.806452 1475.806452 1475.806452 1475.806452 1475.806452 1475.806452]
method_params: {'classic': [MethodParameters(alpha=0.999, beta=None, masking_depth=None)], 'svd': [MethodParameters(alpha=0.6647, beta=None, masking_depth=None)]}
code: hda69
n_rays: 243