pos_name: layer/layer+diagonal
num_cells_x: 9
num_cells_y: 31
width: 2000
height: 1500
pos_receivers_x: [ 777.777778 1888.888889 1666.666667 1888.888889  555.555556  333.333333 1444.444444  333.333333  111.111111 1444.444444 1000.        555.555556  111.111111 1666.666667  777.777778 1000.       1222.222222 1222.222222]
pos_receivers_y: [ 24.193548  24.193548 459.677419 508.064516 169.354839  24.193548  24.193548 120.967742  72.580645 411.290323 314.516129  24.193548  24.193548  24.193548 217.741935  24.193548  24.193548 362.903226]
pos_sources_x: [1000.        555.555556 1222.222222  777.777778 1888.888889  333.333333 1444.444444  111.111111 1666.666667]
pos_sources_y: [1475.806452 1475.806452 1475.806452 1475.806452 1475.806452 1475.806452 1475.806452 1475.806452 1475.806452]
method_params: {'classic': [MethodParameters(alpha=0.999, beta=None, masking_depth=None)], 'svd': [MethodParameters(alpha=0.6647, beta=None, masking_depth=None)]}
code: hb6ff
n_rays: 162