pos_name: layer+column/layer
num_cells_x: 9
num_cells_y: 31
width: 2000
height: 1500
pos_receivers_x: [ 777.777778 1888.888889  333.333333 1444.444444  555.555556  111.111111 1666.666667 1000.       1222.222222]
pos_receivers_y: [24.193548 24.193548 24.193548 24.193548 24.193548 24.193548 24.193548 24.193548 24.193548]
pos_sources_x: [1000.       1000.        555.555556 1000.       1222.222222 1000.        777.777778 1888.888889 1000.       1000.       1000.       1000.        333.333333 1000.       1444.444444 1000.        111.111111 1666.666667]
pos_sources_y: [ 895.16129  1475.806452 1475.806452  750.       1475.806452 1330.645161 1475.806452 1475.806452  169.354839  459.677419 1040.322581 1185.483871 1475.806452  314.516129 1475.806452  604.83871  1475.806452 1475.806452]
method_params: {'classic': [MethodParameters(alpha=0.9619, beta=None, masking_depth=None)], 'svd': [MethodParameters(alpha=0.3338, beta=None, masking_depth=None)]}
code: hb223
n_rays: 162