pos_name: surround
num_cells_x: 9
num_cells_y: 50
width: 2000
height: 5000
pos_receivers_x: [ 111.111111  111.111111  111.111111 1888.888889  333.333333 1444.444444  111.111111  111.111111  111.111111  111.111111  111.111111 1666.666667 1000.        555.555556 1222.222222  111.111111  111.111111  777.777778]
pos_receivers_y: [1550. 2450.  550.   50.   50.   50. 3950. 2050. 2950. 1050.   50.   50.   50.   50.   50. 4450. 3450.   50.]
pos_sources_x: [ 333.333333 1888.888889  555.555556  111.111111 1222.222222 1666.666667 1888.888889 1888.888889  777.777778 1000.       1888.888889 1888.888889 1888.888889 1888.888889 1888.888889 1888.888889 1444.444444 1888.888889]
pos_sources_y: [4950. 4450. 4950. 4950. 4950. 4950.  550. 1550. 4950. 4950. 2450. 3450. 2050. 4950. 2950. 3950. 4950. 1050.]
method_params: {'classic': [MethodParameters(alpha=0.8648, beta=None, masking_depth=None)], 'svd': [MethodParameters(alpha=0.327, beta=None, masking_depth=None)]}
code: hb358
n_rays: 324